0 -1 1 -1 -1 -1 -1 
2 -1 3 -1 -1 -1 -1 
4 -1 5 -1 -1 -1 -1 
-1 -1 -1 -1 -1 -1 -1 
-1 -1 -1 -1 -1 -1 -1 
-1 -1 -1 -1 -1 -1 -1 
-1 -1 -1 -1 -1 -1 -1 
-1 -1 -1 -1 -1 -1 -1 
-1 -1 -1 -1 -1 -1 -1 
-1 -1 -1 -1 -1 -1 -1 
-1 -1 -1 -1 -1 -1 -1 
-1 -1 -1 -1 -1 -1 -1 
-1 -1 -1 -1 -1 -1 -1 
-1 -1 -1 -1 -1 -1 -1 
-1 -1 -1 -1 -1 -1 -1 
-1 -1 -1 -1 -1 -1 -1 
-1 -1 -1 -1 -1 -1 -1 
-1 -1 -1 -1 -1 -1 -1 
-1 -1 -1 -1 -1 -1 -1 
-1 -1 -1 -1 -1 -1 -1 
-1 -1 -1 -1 -1 -1 -1 
-1 -1 -1 -1 -1 -1 -1
-1 -1 -1 -1 -1 -1 -1
-1 -1 -1 -1 -1 -1 -1
3
1
5
0 1 2 3 4
2
0 1
2
5
8 9 10 11 12
2
2 3
3
5
14 15 16 17 18
2
4 5
